CPU info

Architecture:                    x86_64
CPU op-mode(s):                  32-bit, 64-bit
Byte Order:                      Little Endian
Address sizes:                   48 bits physical, 48 bits virtual
CPU(s):                          8
On-line CPU(s) list:             0-7
Thread(s) per core:              2
Core(s) per socket:              4
Socket(s):                       1
Vendor ID:                       AuthenticAMD
CPU family:                      23
Model:                           24
Model name:                      AMD Ryzen 5 3500U with Radeon Vega Mobile Gfx
Stepping:                        1
CPU MHz:                         2095.992
BogoMIPS:                        4191.98
Virtualization:                  AMD-V
Hypervisor vendor:               Microsoft
Virtualization type:             full
L1d cache:                       128 KiB
L1i cache:                       256 KiB
L2 cache:                        2 MiB
L3 cache:                        4 MiB
Vulnerability Itlb multihit:     Not affected
Vulnerability L1tf:              Not affected
Vulnerability Mds:               Not affected
Vulnerability Meltdown:          Not affected
Vulnerability Spec store bypass: Mitigation; Speculative Store Bypass disabled via prctl and seccomp
Vulnerability Spectre v1:        Mitigation; usercopy/swapgs barriers and __user pointer sanitization
Vulnerability Spectre v2:        Mitigation; Full AMD retpoline, IBPB conditional, STIBP disabled, RSB filling
Vulnerability Srbds:             Not affected
Vulnerability Tsx async abort:   Not affected
Flags:                           fpu vme de pse tsc msr pae mce cx8 apic sep mtrr pge mca cmov pat pse36 clflush mmx fxsr sse sse2 ht syscall nx mmxext fxsr_opt pdpe
                                 1gb rdtscp lm constant_tsc rep_good nopl tsc_reliable nonstop_tsc cpuid extd_apicid pni pclmulqdq ssse3 fma cx16 sse4_1 sse4_2 movbe
                                  popcnt aes xsave avx f16c rdrand hypervisor lahf_lm cmp_legacy svm cr8_legacy abm sse4a misalignsse 3dnowprefetch osvw topoext ssbd
                                  ibpb vmmcall fsgsbase bmi1 avx2 smep bmi2 rdseed adx smap clflushopt sha_ni xsaveopt xsavec xgetbv1 xsaves clzero xsaveerptr virt_s
                                 sbd arat npt nrip_save tsc_scale vmcb_clean flushbyasid decodeassists pausefilter pfthreshold v_vmsave_vmload


Primeiro teste (1024 x 1024):

Time for scalar mult: 4.60ms
Time for matrix mult: 14465.03ms

15.00 30.00 35.00 25.00 15.00 25.00 30.00 10.00 45.00 5.00 10.00 35.00 0.00 45.00 15.00 30.00 0.00 30.00 10.00 30.00 5.00 40.00 35.00 45.00 10.00 0.00 10.00 15.00 35.00 25.00 45.00 10.00 10.00 40.00 45.00 35.00 15.00 30.00 5.00 10.00 45.00 15.00 5.00 45.00 20.00 35.00 40.00 20.00 25.00 0.00 15.00 30.00 5.00 0.00 30.00 15.00 10.00 0.00 30.00 5.00 25.00 25.00 20.00 35.00 30.00 25.00 30.00 45.00 15.00 35.00 20.00 25.00 10.00 25.00 20.00 35.00 20.00 20.00 15.00 0.00 35.00 40.00 30.00 40.00 40.00 20.00 15.00 5.00 20.00 45.00 10.00 0.00 30.00 40.00 45.00 10.00 30.00 30.00 20.00 45.00 25.00 0.00 20.00 40.00 35.00 5.00 35.00 10.00 35.00 10.00 10.00 30.00 5.00 0.00 30.00 5.00 25.00 45.00 20.00 45.00 0.00 45.00 5.00 35.00 35.00 5.00 5.00 25.00 45.00 35.00 35.00 30.00 35.00 15.00 30.00 25.00 30.00 15.00 45.00 20.00 40.00 5.00 10.00 45.00 15.00 45.00 0.00 40.00 40.00 25.00 0.00 45.00 30.00 15.00 40.00 25.00 30.00 5.00 5.00 25.00 45.00 40.00 20.00 40.00 5.00 0.00 15.00 0.00 20.00 20.00 20.00 20.00 35.00 30.00 15.00 5.00 35.00 25.00 45.00 30.00 10.00 5.00 35.00 40.00 25.00 35.00 20.00 5.00 40.00 25.00 45.00 35.00 25.00 15.00 40.00 40.00 15.00 5.00 40.00 45.00 30.00 20.00 15.00 15.00 15.00 40.00 30.00 0.00 20.00 40.00 40.00 40.00 45.00 35.00 35.00 30.00 20.00 15.00 0.00 15.00 0.00 45.00 10.00 25.00 20.00 0.00 25.00 45.00 20.00 30.00 45.00 10.00 10.00 20.00 35.00 35.00 25.00 20.00 40.00 5.00 10.00 40.00 45.00 15.00 30.00 40.00 0.00 10.00 5.00 0.00 25.00 5.00 5.00 0.00 40.00 25.00 
2.00 0.00 6.00 3.00 1.00 9.00 8.00 0.00 7.00 8.00 5.00 1.00 0.00 3.00 3.00 3.00 5.00 3.00 8.00 5.00 1.00 6.00 4.00 5.00 4.00 2.00 1.00 0.00 5.00 8.00 6.00 7.00 0.00 2.00 0.00 1.00 1.00 0.00 1.00 0.00 0.00 9.00 1.00 0.00 2.00 6.00 5.00 9.00 0.00 3.00 6.00 3.00 9.00 0.00 8.00 5.00 5.00 2.00 7.00 0.00 2.00 3.00 9.00 2.00 7.00 1.00 4.00 8.00 1.00 7.00 0.00 1.00 6.00 2.00 2.00 0.00 8.00 7.00 9.00 0.00 3.00 6.00 3.00 4.00 8.00 4.00 2.00 5.00 6.00 9.00 5.00 0.00 3.00 6.00 2.00 0.00 7.00 8.00 1.00 8.00 6.00 1.00 2.00 4.00 5.00 6.00 5.00 4.00 5.00 4.00 4.00 8.00 2.00 0.00 5.00 1.00 4.00 7.00 6.00 2.00 6.00 4.00 2.00 9.00 0.00 6.00 2.00 8.00 5.00 5.00 8.00 3.00 8.00 0.00 7.00 4.00 8.00 4.00 8.00 6.00 1.00 4.00 6.00 3.00 4.00 1.00 4.00 0.00 8.00 1.00 2.00 5.00 5.00 6.00 6.00 7.00 5.00 0.00 5.00 2.00 5.00 4.00 5.00 4.00 6.00 4.00 8.00 7.00 9.00 8.00 3.00 0.00 2.00 9.00 3.00 9.00 1.00 0.00 1.00 9.00 1.00 6.00 6.00 8.00 2.00 5.00 5.00 9.00 5.00 3.00 1.00 3.00 7.00 6.00 9.00 5.00 3.00 7.00 2.00 4.00 7.00 7.00 6.00 1.00 7.00 9.00 2.00 0.00 1.00 4.00 1.00 4.00 0.00 8.00 2.00 4.00 3.00 0.00 4.00 0.00 3.00 5.00 3.00 2.00 4.00 2.00 7.00 9.00 1.00 2.00 3.00 0.00 9.00 9.00 2.00 8.00 0.00 4.00 8.00 2.00 8.00 0.00 6.00 0.00 0.00 1.00 5.00 5.00 1.00 9.00 5.00 4.00 6.00 1.00 8.00 0.00 
103350.00 105605.00 106055.00 102460.00 103535.00 104735.00 103555.00 99460.00 107730.00 108170.00 105905.00 107985.00 103900.00 101830.00 101015.00 109475.00 99890.00 106545.00 104060.00 104745.00 106190.00 105055.00 103830.00 104680.00 104735.00 105970.00 106365.00 104410.00 102075.00 103175.00 103090.00 105420.00 100570.00 103545.00 103880.00 106950.00 105215.00 103795.00 105320.00 102860.00 104735.00 103510.00 100115.00 102770.00 103965.00 104440.00 104550.00 107630.00 102840.00 103510.00 105730.00 99920.00 105435.00 105505.00 108465.00 104530.00 106990.00 103860.00 104480.00 107225.00 102130.00 104880.00 107190.00 105595.00 107540.00 103710.00 103985.00 105105.00 108530.00 102135.00 109465.00 102105.00 101145.00 104775.00 106410.00 98825.00 105950.00 108180.00 108705.00 104695.00 107615.00 106670.00 107440.00 105795.00 104675.00 105615.00 106225.00 104645.00 103920.00 105725.00 104945.00 103630.00 108790.00 105800.00 106600.00 103595.00 99120.00 104265.00 106660.00 104325.00 106645.00 106640.00 101070.00 107015.00 99835.00 104965.00 106050.00 101120.00 107220.00 105615.00 103265.00 101745.00 103085.00 102445.00 105235.00 103910.00 103875.00 103370.00 108660.00 102070.00 104800.00 101950.00 102675.00 105970.00 105895.00 103935.00 105405.00 106140.00 103350.00 104835.00 102010.00 105490.00 102775.00 103465.00 106480.00 104330.00 109570.00 102795.00 104205.00 110080.00 105325.00 105585.00 104105.00 100915.00 105660.00 104980.00 105525.00 107395.00 105345.00 106570.00 101275.00 104125.00 103350.00 106475.00 100640.00 108420.00 103335.00 105590.00 107715.00 102625.00 105390.00 98635.00 103170.00 100770.00 102965.00 102240.00 99615.00 101415.00 106795.00 104080.00 103955.00 102335.00 103510.00 99150.00 105080.00 106010.00 101515.00 105395.00 104025.00 104355.00 103815.00 103000.00 103120.00 102570.00 106590.00 104855.00 109430.00 109100.00 101320.00 105800.00 103625.00 98950.00 105600.00 104800.00 105200.00 103360.00 102310.00 102990.00 104425.00 106820.00 104220.00 107840.00 102030.00 104905.00 105975.00 99845.00 107835.00 102325.00 102180.00 106695.00 100880.00 105795.00 99905.00 102150.00 105665.00 107875.00 102160.00 104985.00 102055.00 104240.00 109430.00 105095.00 104340.00 102275.00 101495.00 104955.00 101135.00 101950.00 103435.00 102845.00 104755.00 103880.00 102300.00 103935.00 102825.00 105520.00 103275.00 105355.00 102680.00 103485.00 103885.00 102605.00 103535.00 105210.00 102265.00 106195.00 106725.00 104840.00 106550.00 106905.00 105725.00 103125.00 105380.00 102545.00 108230.00 105175.00 

Segundo teste (2048 x 2048):

Time for scalar mult: 16.38ms
Time for matrix mult: 111913.14ms
15.00 30.00 35.00 25.00 15.00 25.00 30.00 10.00 45.00 5.00 10.00 35.00 0.00 45.00 15.00 30.00 0.00 30.00 10.00 30.00 5.00 40.00 35.00 45.00 10.00 0.00 10.00 15.00 35.00 25.00 45.00 10.00 10.00 40.00 45.00 35.00 15.00 30.00 5.00 10.00 45.00 15.00 5.00 45.00 20.00 35.00 40.00 20.00 25.00 0.00 15.00 30.00 5.00 0.00 30.00 15.00 10.00 0.00 30.00 5.00 25.00 25.00 20.00 35.00 30.00 25.00 30.00 45.00 15.00 35.00 20.00 25.00 10.00 25.00 20.00 35.00 20.00 20.00 15.00 0.00 35.00 40.00 30.00 40.00 40.00 20.00 15.00 5.00 20.00 45.00 10.00 0.00 30.00 40.00 45.00 10.00 30.00 30.00 20.00 45.00 25.00 0.00 20.00 40.00 35.00 5.00 35.00 10.00 35.00 10.00 10.00 30.00 5.00 0.00 30.00 5.00 25.00 45.00 20.00 45.00 0.00 45.00 5.00 35.00 35.00 5.00 5.00 25.00 45.00 35.00 35.00 30.00 35.00 15.00 30.00 25.00 30.00 15.00 45.00 20.00 40.00 5.00 10.00 45.00 15.00 45.00 0.00 40.00 40.00 25.00 0.00 45.00 30.00 15.00 40.00 25.00 30.00 5.00 5.00 25.00 45.00 40.00 20.00 40.00 5.00 0.00 15.00 0.00 20.00 20.00 20.00 20.00 35.00 30.00 15.00 5.00 35.00 25.00 45.00 30.00 10.00 5.00 35.00 40.00 25.00 35.00 20.00 5.00 40.00 25.00 45.00 35.00 25.00 15.00 40.00 40.00 15.00 5.00 40.00 45.00 30.00 20.00 15.00 15.00 15.00 40.00 30.00 0.00 20.00 40.00 40.00 40.00 45.00 35.00 35.00 30.00 20.00 15.00 0.00 15.00 0.00 45.00 10.00 25.00 20.00 0.00 25.00 45.00 20.00 30.00 45.00 10.00 10.00 20.00 35.00 35.00 25.00 20.00 40.00 5.00 10.00 40.00 45.00 15.00 30.00 40.00 0.00 10.00 5.00 0.00 25.00 5.00 5.00 0.00 40.00 25.00
7.00 2.00 6.00 7.00 5.00 4.00 9.00 5.00 0.00 2.00 0.00 0.00 6.00 9.00 9.00 6.00 5.00 1.00 5.00 0.00 5.00 6.00 5.00 5.00 2.00 9.00 8.00 5.00 6.00 4.00 6.00 5.00 6.00 2.00 2.00 3.00 6.00 4.00 0.00 8.00 6.00 0.00 8.00 5.00 1.00 9.00 1.00 7.00 3.00 8.00 9.00 0.00 4.00 6.00 5.00 8.00 8.00 6.00 4.00 6.00 0.00 2.00 1.00 8.00 4.00 6.00 3.00 2.00 0.00 4.00 0.00 8.00 6.00 1.00 3.00 8.00 2.00 6.00 7.00 5.00 5.00 8.00 7.00 1.00 4.00 3.00 0.00 4.00 1.00 6.00 0.00 1.00 8.00 4.00 1.00 4.00 2.00 4.00 6.00 4.00 0.00 6.00 4.00 7.00 9.00 0.00 7.00 2.00 6.00 6.00 9.00 3.00 4.00 7.00 5.00 0.00 2.00 7.00 5.00 3.00 5.00 7.00 6.00 5.00 3.00 7.00 9.00 7.00 3.00 5.00 1.00 6.00 3.00 8.00 3.00 3.00 8.00 2.00 5.00 4.00 8.00 4.00 8.00 2.00 3.00 5.00 4.00 5.00 4.00 1.00 8.00 9.00 1.00 4.00 4.00 4.00 3.00 5.00 2.00 9.00 0.00 5.00 5.00 5.00 3.00 0.00 8.00 3.00 2.00 5.00 8.00 2.00 2.00 8.00 6.00 5.00 3.00 0.00 1.00 7.00 2.00 1.00 6.00 3.00 6.00 2.00 9.00 1.00 7.00 3.00 2.00 9.00 1.00 7.00 4.00 6.00 9.00 5.00 0.00 3.00 0.00 8.00 5.00 4.00 6.00 1.00 0.00 1.00 4.00 3.00 8.00 8.00 4.00 6.00 1.00 2.00 8.00 2.00 4.00 7.00 8.00 6.00 6.00 9.00 6.00 2.00 5.00 7.00 7.00 7.00 1.00 0.00 5.00 8.00 4.00 3.00 2.00 6.00 4.00 6.00 9.00 4.00 4.00 4.00 2.00 7.00 6.00 2.00 9.00 0.00 9.00 9.00 9.00 7.00 8.00 7.00
206260.00 206595.00 208275.00 209015.00 206660.00 199300.00 207835.00 203225.00 210010.00 204490.00 203350.00 208970.00 204775.00 206215.00 203410.00 200570.00 212810.00 199715.00 200600.00 207155.00 205300.00 202650.00 210250.00 208490.00 202910.00 201535.00 208370.00 203125.00 206430.00 203545.00 207310.00 211830.00 203480.00 206745.00 206600.00 203570.00 206140.00 207895.00 205785.00 207045.00 197515.00 201555.00 203345.00 202185.00 205225.00 201985.00 204320.00 205705.00 203545.00 204920.00 205085.00 208885.00 209290.00 209335.00 202225.00 205380.00 204155.00 204590.00 205325.00 211845.00 212345.00 207565.00 202550.00 203760.00 204175.00 205305.00 208770.00 203845.00 200770.00 205035.00 203040.00 203175.00 205670.00 204875.00 204740.00 206175.00 208680.00 207285.00 203355.00 202665.00 212345.00 202690.00 206420.00 203915.00 212685.00 207620.00 210505.00 202425.00 204765.00 205605.00 200800.00 204940.00 203315.00 204955.00 210800.00 207610.00 203990.00 203860.00 214320.00 204135.00 199055.00 209865.00 205490.00 207670.00 204675.00 207475.00 211585.00 201385.00 210565.00 203640.00 200220.00 214470.00 200485.00 202345.00 206630.00 205280.00 204050.00 206240.00 207185.00 204875.00 207130.00 212775.00 208310.00 205145.00 208360.00 204690.00 202515.00 207975.00 203210.00 209455.00 207740.00 202720.00 201705.00 202965.00 204465.00 194000.00 204365.00 202095.00 207140.00 207560.00 209940.00 203575.00 204225.00 205505.00 206225.00 206385.00 212710.00 200385.00 204540.00 209705.00 200195.00 203840.00 204095.00 206690.00 204570.00 203285.00 207595.00 206505.00 203170.00 201165.00 208835.00 194795.00 207625.00 200905.00 205605.00 202080.00 203310.00 208340.00 206375.00 214335.00 205495.00 209760.00 202930.00 208115.00 201805.00 209215.00 208030.00 212860.00 206915.00 205975.00 203705.00 207780.00 209675.00 205535.00 204335.00 213210.00 208080.00 207740.00 204730.00 202010.00 204375.00 207150.00 211180.00 207580.00 205195.00 211985.00 203730.00 203725.00 205560.00 205840.00 209440.00 207070.00 205385.00 204795.00 204905.00 203940.00 202660.00 204660.00 206325.00 201340.00 202330.00 209515.00 209130.00 206125.00 204400.00 208835.00 206635.00 208245.00 209925.00 212225.00 206360.00 207885.00 210375.00 203010.00 197625.00 207040.00 209050.00 206290.00 210160.00 205740.00 204605.00 199350.00 210410.00 208365.00 197940.00 210640.00 206770.00 208465.00 201605.00 201795.00 200765.00 205320.00 202680.00 206760.00 204130.00 206800.00 210420.00 204600.00 204575.00 194420.00 204265.00 205785.00 201420.00 206360.00 204255.00 206385.00